0.00000	288.150	101325	1.22500	340.294	0.0000181206
100.000	287.500	100129	1.21328	339.910	0.0000180881
200.000	286.850	98945.3	1.20165	339.526	0.0000180556
300.000	286.200	97772.6	1.19011	339.141	0.0000180230
400.000	285.550	96611.1	1.17864	338.755	0.0000179905
500.000	284.900	95460.8	1.16727	338.370	0.0000179579
600.000	284.250	94321.7	1.15598	337.983	0.0000179252
700.000	283.600	93193.6	1.14477	337.597	0.0000178925
800.000	282.950	92076.4	1.13364	337.210	0.0000178598
900.000	282.300	90970.1	1.12260	336.822	0.0000178271
1000.00	281.650	89874.6	1.11164	336.434	0.0000177943
1100.00	281.000	88789.8	1.10077	336.046	0.0000177615
1200.00	280.350	87715.6	1.08997	335.657	0.0000177286
1300.00	279.700	86651.9	1.07925	335.267	0.0000176957
1400.00	279.050	85598.8	1.06862	334.878	0.0000176628
1500.00	278.400	84556.0	1.05807	334.487	0.0000176298
1600.00	277.750	83523.5	1.04759	334.097	0.0000175968
1700.00	277.100	82501.3	1.03720	333.705	0.0000175638
1800.00	276.450	81489.2	1.02688	333.314	0.0000175307
1900.00	275.800	80487.2	1.01665	332.922	0.0000174976
2000.00	275.150	79495.2	1.00649	332.529	0.0000174645
2100.00	274.500	78513.1	0.996410	332.136	0.0000174313
2200.00	273.850	77540.9	0.986407	331.743	0.0000173981
2300.00	273.200	76578.4	0.976481	331.349	0.0000173649
2400.00	272.550	75625.7	0.966632	330.954	0.0000173316
2500.00	271.900	74682.5	0.956859	330.560	0.0000172983
2600.00	271.250	73748.9	0.947162	330.164	0.0000172649
2700.00	270.600	72824.8	0.937540	329.768	0.0000172315
2800.00	269.950	71910.1	0.927993	329.372	0.0000171981
2900.00	269.300	71004.7	0.918520	328.975	0.0000171646
3000.00	268.650	70108.5	0.909122	328.578	0.0000171311
3100.00	268.000	69221.6	0.899798	328.180	0.0000170976
3200.00	267.350	68343.7	0.890546	327.782	0.0000170640
3300.00	266.700	67474.9	0.881368	327.383	0.0000170304
3400.00	266.050	66615.0	0.872262	326.984	0.0000169967
3500.00	265.400	65764.1	0.863229	326.584	0.0000169630
3600.00	264.750	64921.9	0.854267	326.184	0.0000169293
3700.00	264.100	64088.6	0.845377	325.784	0.0000168955
3800.00	263.450	63263.9	0.836557	325.382	0.0000168617
3900.00	262.800	62447.8	0.827808	324.981	0.0000168279
4000.00	262.150	61640.2	0.819129	324.579	0.0000167940
4100.00	261.500	60841.2	0.810520	324.176	0.0000167601
4200.00	260.850	60050.5	0.801981	323.773	0.0000167261
4300.00	260.200	59268.2	0.793510	323.369	0.0000166922
4400.00	259.550	58494.2	0.785108	322.965	0.0000166581
4500.00	258.900	57728.3	0.776775	322.560	0.0000166241
4600.00	258.250	56970.6	0.768509	322.155	0.0000165900
4700.00	257.600	56221.0	0.760310	321.750	0.0000165558
4800.00	256.950	55479.4	0.752179	321.343	0.0000165216
4900.00	256.300	54745.7	0.744114	320.937	0.0000164874
5000.00	255.650	54019.9	0.736116	320.529	0.0000164531
5100.00	255.000	53301.9	0.728183	320.122	0.0000164188
5200.00	254.350	52591.7	0.720317	319.713	0.0000163845
5300.00	253.700	51889.1	0.712515	319.305	0.0000163501
5400.00	253.050	51194.2	0.704778	318.895	0.0000163157
5500.00	252.400	50506.8	0.697106	318.486	0.0000162813
5600.00	251.750	49826.9	0.689497	318.075	0.0000162468
5700.00	251.100	49154.5	0.681953	317.664	0.0000162122
5800.00	250.450	48489.4	0.674471	317.253	0.0000161777
5900.00	249.800	47831.6	0.667053	316.841	0.0000161430
6000.00	249.150	47181.0	0.659697	316.428	0.0000161084
6100.00	248.500	46537.7	0.652404	316.015	0.0000160737
6200.00	247.850	45901.4	0.645172	315.602	0.0000160390
6300.00	247.200	45272.3	0.638002	315.188	0.0000160042
6400.00	246.550	44650.1	0.630892	314.773	0.0000159694
6500.00	245.900	44034.8	0.623844	314.358	0.0000159345
6600.00	245.250	43426.5	0.616856	313.942	0.0000158996
6700.00	244.600	42825.0	0.609928	313.526	0.0000158647
6800.00	243.950	42230.2	0.603060	313.109	0.0000158297
6900.00	243.300	41642.2	0.596251	312.692	0.0000157947
7000.00	242.650	41060.7	0.589501	312.274	0.0000157596
7100.00	242.000	40485.9	0.582810	311.855	0.0000157245
7200.00	241.350	39917.6	0.576177	311.436	0.0000156894
7300.00	240.700	39355.8	0.569602	311.016	0.0000156542
7400.00	240.050	38800.4	0.563084	310.596	0.0000156190
7500.00	239.400	38251.4	0.556624	310.175	0.0000155837
7600.00	238.750	37708.7	0.550220	309.754	0.0000155484
7700.00	238.100	37172.2	0.543873	309.332	0.0000155131
7800.00	237.450	36642.0	0.537582	308.909	0.0000154777
7900.00	236.800	36117.8	0.531347	308.486	0.0000154423
8000.00	236.150	35599.8	0.525168	308.063	0.0000154068
8100.00	235.500	35087.8	0.519043	307.638	0.0000153713
8200.00	234.850	34581.8	0.512973	307.214	0.0000153357
8300.00	234.200	34081.7	0.506958	306.788	0.0000153001
8400.00	233.550	33587.5	0.500997	306.362	0.0000152645
8500.00	232.900	33099.0	0.495090	305.935	0.0000152288
8600.00	232.250	32616.4	0.489236	305.508	0.0000151931
8700.00	231.600	32139.5	0.483435	305.080	0.0000151573
8800.00	230.950	31668.2	0.477687	304.652	0.0000151215
8900.00	230.300	31202.6	0.471992	304.223	0.0000150857
9000.00	229.650	30742.5	0.466348	303.793	0.0000150498
9100.00	229.000	30287.9	0.460756	303.363	0.0000150138
9200.00	228.350	29838.7	0.455216	302.932	0.0000149778
9300.00	227.700	29395.0	0.449727	302.501	0.0000149418
9400.00	227.050	28956.7	0.444289	302.069	0.0000149058
9500.00	226.400	28523.6	0.438901	301.636	0.0000148696
9600.00	225.750	28095.8	0.433563	301.203	0.0000148335
9700.00	225.100	27673.2	0.428275	300.769	0.0000147973
9800.00	224.450	27255.8	0.423036	300.334	0.0000147610
9900.00	223.800	26843.5	0.417847	299.899	0.0000147247
10000.0	223.150	26436.3	0.412707	299.463	0.0000146884
10100.0	222.500	26034.0	0.407615	299.027	0.0000146520
10200.0	221.850	25636.8	0.402571	298.590	0.0000146156
10300.0	221.200	25244.5	0.397575	298.152	0.0000145792
10400.0	220.550	24857.0	0.392627	297.714	0.0000145426
10500.0	219.900	24474.4	0.387725	297.275	0.0000145061
10600.0	219.250	24096.5	0.382871	296.835	0.0000144695
10700.0	218.600	23723.4	0.378064	296.395	0.0000144328
10800.0	217.950	23355.0	0.373303	295.954	0.0000143962
10900.0	217.300	22991.2	0.368588	295.512	0.0000143594
11000.0	216.650	22632.1	0.363918	295.070	0.0000143226
11100.0	216.650	22278.0	0.358224	295.070	0.0000143226
11200.0	216.650	21929.4	0.352620	295.070	0.0000143226
11300.0	216.650	21586.3	0.347103	295.070	0.0000143226
11400.0	216.650	21248.6	0.341673	295.070	0.0000143226
11500.0	216.650	20916.2	0.336327	295.070	0.0000143226
11600.0	216.650	20589.0	0.331065	295.070	0.0000143226
11700.0	216.650	20266.8	0.325886	295.070	0.0000143226
11800.0	216.650	19949.8	0.320787	295.070	0.0000143226
11900.0	216.650	19637.6	0.315768	295.070	0.0000143226
12000.0	216.650	19330.4	0.310828	295.070	0.0000143226
12100.0	216.650	19028.0	0.305965	295.070	0.0000143226
12200.0	216.650	18730.3	0.301178	295.070	0.0000143226
12300.0	216.650	18437.2	0.296466	295.070	0.0000143226
12400.0	216.650	18148.8	0.291828	295.070	0.0000143226
12500.0	216.650	17864.8	0.287262	295.070	0.0000143226
12600.0	216.650	17585.4	0.282768	295.070	0.0000143226
12700.0	216.650	17310.2	0.278344	295.070	0.0000143226
12800.0	216.650	17039.4	0.273989	295.070	0.0000143226
12900.0	216.650	16772.8	0.269703	295.070	0.0000143226
13000.0	216.650	16510.4	0.265483	295.070	0.0000143226
13100.0	216.650	16252.1	0.261330	295.070	0.0000143226
13200.0	216.650	15997.8	0.257241	295.070	0.0000143226
13300.0	216.650	15747.5	0.253217	295.070	0.0000143226
13400.0	216.650	15501.2	0.249255	295.070	0.0000143226
13500.0	216.650	15258.7	0.245355	295.070	0.0000143226
13600.0	216.650	15019.9	0.241517	295.070	0.0000143226
13700.0	216.650	14784.9	0.237738	295.070	0.0000143226
13800.0	216.650	14553.6	0.234019	295.070	0.0000143226
13900.0	216.650	14325.9	0.230357	295.070	0.0000143226
14000.0	216.650	14101.8	0.226753	295.070	0.0000143226
14100.0	216.650	13881.2	0.223206	295.070	0.0000143226
14200.0	216.650	13664.0	0.219714	295.070	0.0000143226
14300.0	216.650	13450.2	0.216276	295.070	0.0000143226
14400.0	216.650	13239.8	0.212893	295.070	0.0000143226
14500.0	216.650	13032.7	0.209562	295.070	0.0000143226
14600.0	216.650	12828.8	0.206283	295.070	0.0000143226
14700.0	216.650	12628.1	0.203056	295.070	0.0000143226
14800.0	216.650	12430.5	0.199879	295.070	0.0000143226
14900.0	216.650	12236.0	0.196752	295.070	0.0000143226
15000.0	216.650	12044.6	0.193674	295.070	0.0000143226
15100.0	216.650	11856.1	0.190644	295.070	0.0000143226
15200.0	216.650	11670.6	0.187661	295.070	0.0000143226
15300.0	216.650	11488.1	0.184725	295.070	0.0000143226
15400.0	216.650	11308.3	0.181835	295.070	0.0000143226
15500.0	216.650	11131.4	0.178990	295.070	0.0000143226
15600.0	216.650	10957.2	0.176190	295.070	0.0000143226
15700.0	216.650	10785.8	0.173433	295.070	0.0000143226
15800.0	216.650	10617.1	0.170720	295.070	0.0000143226
15900.0	216.650	10451.0	0.168049	295.070	0.0000143226
16000.0	216.650	10287.5	0.165420	295.070	0.0000143226
16100.0	216.650	10126.5	0.162832	295.070	0.0000143226
16200.0	216.650	9968.08	0.160284	295.070	0.0000143226
16300.0	216.650	9812.13	0.157777	295.070	0.0000143226
16400.0	216.650	9658.61	0.155308	295.070	0.0000143226
16500.0	216.650	9507.50	0.152878	295.070	0.0000143226
16600.0	216.650	9358.76	0.150487	295.070	0.0000143226
16700.0	216.650	9212.34	0.148132	295.070	0.0000143226
16800.0	216.650	9068.21	0.145815	295.070	0.0000143226
16900.0	216.650	8926.34	0.143533	295.070	0.0000143226
17000.0	216.650	8786.68	0.141288	295.070	0.0000143226
17100.0	216.650	8649.21	0.139077	295.070	0.0000143226
17200.0	216.650	8513.89	0.136901	295.070	0.0000143226
17300.0	216.650	8380.69	0.134759	295.070	0.0000143226
17400.0	216.650	8249.58	0.132651	295.070	0.0000143226
17500.0	216.650	8120.51	0.130576	295.070	0.0000143226
17600.0	216.650	7993.46	0.128533	295.070	0.0000143226
17700.0	216.650	7868.40	0.126522	295.070	0.0000143226
17800.0	216.650	7745.30	0.124543	295.070	0.0000143226
17900.0	216.650	7624.13	0.122594	295.070	0.0000143226
18000.0	216.650	7504.84	0.120676	295.070	0.0000143226
18100.0	216.650	7387.43	0.118788	295.070	0.0000143226
18200.0	216.650	7271.85	0.116930	295.070	0.0000143226
18300.0	216.650	7158.08	0.115100	295.070	0.0000143226
18400.0	216.650	7046.09	0.113299	295.070	0.0000143226
18500.0	216.650	6935.86	0.111527	295.070	0.0000143226
18600.0	216.650	6827.34	0.109782	295.070	0.0000143226
18700.0	216.650	6720.53	0.108064	295.070	0.0000143226
18800.0	216.650	6615.39	0.106374	295.070	0.0000143226
18900.0	216.650	6511.89	0.104710	295.070	0.0000143226
19000.0	216.650	6410.01	0.103071	295.070	0.0000143226
19100.0	216.650	6309.72	0.101459	295.070	0.0000143226
19200.0	216.650	6211.00	0.0998714	295.070	0.0000143226
19300.0	216.650	6113.83	0.0983089	295.070	0.0000143226
19400.0	216.650	6018.18	0.0967709	295.070	0.0000143226
19500.0	216.650	5924.03	0.0952569	295.070	0.0000143226
19600.0	216.650	5831.34	0.0937666	295.070	0.0000143226
19700.0	216.650	5740.11	0.0922996	295.070	0.0000143226
19800.0	216.650	5650.31	0.0908555	295.070	0.0000143226
19900.0	216.650	5561.91	0.0894341	295.070	0.0000143226
20000.0	216.650	5474.89	0.0880349	295.070	0.0000143226
20100.0	216.750	5389.25	0.0866179	295.138	0.0000143283
20200.0	216.850	5304.99	0.0852243	295.206	0.0000143340
20300.0	216.950	5222.09	0.0838538	295.274	0.0000143396
20400.0	217.050	5140.52	0.0825060	295.342	0.0000143453
20500.0	217.150	5060.26	0.0811804	295.410	0.0000143509
20600.0	217.250	4981.29	0.0798768	295.478	0.0000143566
20700.0	217.350	4903.59	0.0785946	295.546	0.0000143622
20800.0	217.450	4827.14	0.0773336	295.614	0.0000143679
20900.0	217.550	4751.91	0.0760934	295.682	0.0000143736
21000.0	217.650	4677.89	0.0748737	295.750	0.0000143792
21100.0	217.750	4605.05	0.0736740	295.818	0.0000143849
21200.0	217.850	4533.38	0.0724941	295.886	0.0000143905
21300.0	217.950	4462.86	0.0713336	295.954	0.0000143962
21400.0	218.050	4393.47	0.0701923	296.021	0.0000144018
21500.0	218.150	4325.18	0.0690697	296.089	0.0000144074
21600.0	218.250	4257.99	0.0679655	296.157	0.0000144131
21700.0	218.350	4191.87	0.0668795	296.225	0.0000144187
21800.0	218.450	4126.81	0.0658114	296.293	0.0000144244
21900.0	218.550	4062.79	0.0647607	296.361	0.0000144300
22000.0	218.650	3999.79	0.0637273	296.428	0.0000144357
22100.0	218.750	3937.79	0.0627109	296.496	0.0000144413
22200.0	218.850	3876.79	0.0617111	296.564	0.0000144469
22300.0	218.950	3816.75	0.0607278	296.632	0.0000144526
22400.0	219.050	3757.68	0.0597605	296.699	0.0000144582
22500.0	219.150	3699.54	0.0588091	296.767	0.0000144639
22600.0	219.250	3642.33	0.0578732	296.835	0.0000144695
22700.0	219.350	3586.03	0.0569526	296.903	0.0000144751
22800.0	219.450	3530.62	0.0560471	296.970	0.0000144808
22900.0	219.550	3476.09	0.0551564	297.038	0.0000144864
23000.0	219.650	3422.43	0.0542803	297.105	0.0000144920
23100.0	219.750	3369.63	0.0534184	297.173	0.0000144976
23200.0	219.850	3317.66	0.0525706	297.241	0.0000145033
23300.0	219.950	3266.51	0.0517367	297.308	0.0000145089
23400.0	220.050	3216.18	0.0509164	297.376	0.0000145145
23500.0	220.150	3166.65	0.0501094	297.443	0.0000145202
23600.0	220.250	3117.90	0.0493155	297.511	0.0000145258
23700.0	220.350	3069.92	0.0485346	297.579	0.0000145314
23800.0	220.450	3022.70	0.0477665	297.646	0.0000145370
23900.0	220.550	2976.23	0.0470108	297.714	0.0000145426
24000.0	220.650	2930.49	0.0462674	297.781	0.0000145483
24100.0	220.750	2885.48	0.0455360	297.849	0.0000145539
24200.0	220.850	2841.18	0.0448166	297.916	0.0000145595
24300.0	220.950	2797.58	0.0441089	297.983	0.0000145651
24400.0	221.050	2754.66	0.0434126	298.051	0.0000145707
24500.0	221.150	2712.42	0.0427276	298.118	0.0000145763
24600.0	221.250	2670.85	0.0420538	298.186	0.0000145820
24700.0	221.350	2629.94	0.0413909	298.253	0.0000145876
24800.0	221.450	2589.67	0.0407387	298.320	0.0000145932
24900.0	221.550	2550.03	0.0400971	298.388	0.0000145988
25000.0	221.650	2511.02	0.0394658	298.455	0.0000146044
25100.0	221.750	2472.63	0.0388448	298.522	0.0000146100
25200.0	221.850	2434.83	0.0382338	298.590	0.0000146156
25300.0	221.950	2397.63	0.0376327	298.657	0.0000146212
25400.0	222.050	2361.02	0.0370414	298.724	0.0000146268
25500.0	222.150	2324.98	0.0364595	298.791	0.0000146324
25600.0	222.250	2289.51	0.0358871	298.859	0.0000146380
25700.0	222.350	2254.59	0.0353239	298.926	0.0000146436
25800.0	222.450	2220.22	0.0347698	298.993	0.0000146492
25900.0	222.550	2186.39	0.0342246	299.060	0.0000146548
26000.0	222.650	2153.09	0.0336882	299.128	0.0000146604
26100.0	222.750	2120.32	0.0331605	299.195	0.0000146660
26200.0	222.850	2088.05	0.0326413	299.262	0.0000146716
26300.0	222.950	2056.29	0.0321304	299.329	0.0000146772
26400.0	223.050	2025.03	0.0316277	299.396	0.0000146828
26500.0	223.150	1994.26	0.0311331	299.463	0.0000146884
26600.0	223.250	1963.97	0.0306465	299.530	0.0000146940
26700.0	223.350	1934.15	0.0301677	299.597	0.0000146996
26800.0	223.450	1904.80	0.0296966	299.664	0.0000147052
26900.0	223.550	1875.90	0.0292330	299.732	0.0000147108
27000.0	223.650	1847.46	0.0287769	299.799	0.0000147164
27100.0	223.750	1819.46	0.0283281	299.866	0.0000147220
27200.0	223.850	1791.89	0.0278865	299.933	0.0000147275
27300.0	223.950	1764.76	0.0274519	300.000	0.0000147331
27400.0	224.050	1738.05	0.0270244	300.067	0.0000147387
27500.0	224.150	1711.75	0.0266036	300.133	0.0000147443
27600.0	224.250	1685.87	0.0261896	300.200	0.0000147499
27700.0	224.350	1660.39	0.0257823	300.267	0.0000147555
27800.0	224.450	1635.30	0.0253814	300.334	0.0000147610
27900.0	224.550	1610.60	0.0249870	300.401	0.0000147666
28000.0	224.650	1586.29	0.0245988	300.468	0.0000147722
28100.0	224.750	1562.35	0.0242169	300.535	0.0000147778
28200.0	224.850	1538.79	0.0238410	300.602	0.0000147833
28300.0	224.950	1515.59	0.0234712	300.669	0.0000147889
28400.0	225.050	1492.75	0.0231072	300.735	0.0000147945
28500.0	225.150	1470.27	0.0227490	300.802	0.0000148001
28600.0	225.250	1448.13	0.0223966	300.869	0.0000148056
28700.0	225.350	1426.34	0.0220498	300.936	0.0000148112
28800.0	225.450	1404.89	0.0217084	301.003	0.0000148168
28900.0	225.550	1383.76	0.0213726	301.069	0.0000148223
29000.0	225.650	1362.96	0.0210420	301.136	0.0000148279
29100.0	225.750	1342.49	0.0207167	301.203	0.0000148335
29200.0	225.850	1322.33	0.0203966	301.269	0.0000148390
29300.0	225.950	1302.48	0.0200816	301.336	0.0000148446
29400.0	226.050	1282.94	0.0197716	301.403	0.0000148502
29500.0	226.150	1263.70	0.0194664	301.469	0.0000148557
29600.0	226.250	1244.76	0.0191662	301.536	0.0000148613
29700.0	226.350	1226.11	0.0188707	301.603	0.0000148669
29800.0	226.450	1207.75	0.0185798	301.669	0.0000148724
29900.0	226.550	1189.67	0.0182936	301.736	0.0000148780
30000.0	226.650	1171.87	0.0180119	301.803	0.0000148835
30100.0	226.750	1154.34	0.0177347	301.869	0.0000148891
30200.0	226.850	1137.08	0.0174619	301.936	0.0000148946
30300.0	226.950	1120.09	0.0171934	302.002	0.0000149002
30400.0	227.050	1103.36	0.0169291	302.069	0.0000149058
30500.0	227.150	1086.88	0.0166690	302.135	0.0000149113
30600.0	227.250	1070.66	0.0164130	302.202	0.0000149169
30700.0	227.350	1054.69	0.0161610	302.268	0.0000149224
30800.0	227.450	1038.97	0.0159130	302.335	0.0000149280
30900.0	227.550	1023.48	0.0156690	302.401	0.0000149335
31000.0	227.650	1008.23	0.0154288	302.468	0.0000149390
31100.0	227.750	993.218	0.0151923	302.534	0.0000149446
31200.0	227.850	978.434	0.0149596	302.600	0.0000149501
31300.0	227.950	963.876	0.0147306	302.667	0.0000149557
31400.0	228.050	949.541	0.0145051	302.733	0.0000149612
31500.0	228.150	935.425	0.0142832	302.800	0.0000149668
31600.0	228.250	921.526	0.0140648	302.866	0.0000149723
31700.0	228.350	907.838	0.0138499	302.932	0.0000149778
31800.0	228.450	894.360	0.0136383	302.999	0.0000149834
31900.0	228.550	881.088	0.0134300	303.065	0.0000149889
32000.0	228.650	868.019	0.0132250	303.131	0.0000149945
32100.0	228.930	855.154	0.0130131	303.317	0.0000150100
32200.0	229.210	842.495	0.0128048	303.502	0.0000150254
32300.0	229.490	830.038	0.0126001	303.688	0.0000150409
32400.0	229.770	817.781	0.0123989	303.873	0.0000150564
32500.0	230.050	805.719	0.0122011	304.058	0.0000150719
32600.0	230.330	793.849	0.0120068	304.243	0.0000150873
32700.0	230.610	782.168	0.0118157	304.428	0.0000151028
32800.0	230.890	770.674	0.0116280	304.612	0.0000151182
32900.0	231.170	759.361	0.0114434	304.797	0.0000151336
33000.0	231.450	748.228	0.0112620	304.982	0.0000151491
33100.0	231.730	737.272	0.0110837	305.166	0.0000151645
33200.0	232.010	726.489	0.0109084	305.350	0.0000151799
33300.0	232.290	715.876	0.0107361	305.535	0.0000151953
33400.0	232.570	705.431	0.0105667	305.719	0.0000152107
33500.0	232.850	695.150	0.0104002	305.903	0.0000152261
33600.0	233.130	685.032	0.0102365	306.086	0.0000152414
33700.0	233.410	675.072	0.0100756	306.270	0.0000152568
33800.0	233.690	665.269	0.00991734	306.454	0.0000152722
33900.0	233.970	655.620	0.00976181	306.637	0.0000152875
34000.0	234.250	646.122	0.00960889	306.821	0.0000153029
34100.0	234.530	636.773	0.00945855	307.004	0.0000153182
34200.0	234.810	627.570	0.00931073	307.187	0.0000153335
34300.0	235.090	618.511	0.00916540	307.370	0.0000153489
34400.0	235.370	609.593	0.00902250	307.553	0.0000153642
34500.0	235.650	600.814	0.00888200	307.736	0.0000153795
34600.0	235.930	592.172	0.00874385	307.919	0.0000153948
34700.0	236.210	583.664	0.00860800	308.102	0.0000154101
34800.0	236.490	575.288	0.00847443	308.284	0.0000154254
34900.0	236.770	567.042	0.00834308	308.467	0.0000154406
35000.0	237.050	558.924	0.00821392	308.649	0.0000154559
35100.0	237.330	550.931	0.00808691	308.831	0.0000154712
35200.0	237.610	543.062	0.00796201	309.013	0.0000154864
35300.0	237.890	535.314	0.00783918	309.195	0.0000155017
35400.0	238.170	527.686	0.00771839	309.377	0.0000155169
35500.0	238.450	520.175	0.00759959	309.559	0.0000155321
35600.0	238.730	512.780	0.00748277	309.741	0.0000155474
35700.0	239.010	505.498	0.00736787	309.922	0.0000155626
35800.0	239.290	498.329	0.00725486	310.104	0.0000155778
35900.0	239.570	491.269	0.00714372	310.285	0.0000155930
36000.0	239.850	484.317	0.00703441	310.467	0.0000156082
36100.0	240.130	477.471	0.00692690	310.648	0.0000156233
36200.0	240.410	470.730	0.00682115	310.829	0.0000156385
36300.0	240.690	464.092	0.00671714	311.010	0.0000156537
36400.0	240.970	457.555	0.00661483	311.191	0.0000156688
36500.0	241.250	451.118	0.00651419	311.371	0.0000156840
36600.0	241.530	444.778	0.00641520	311.552	0.0000156991
36700.0	241.810	438.535	0.00631783	311.733	0.0000157143
36800.0	242.090	432.386	0.00622205	311.913	0.0000157294
36900.0	242.370	426.331	0.00612782	312.093	0.0000157445
37000.0	242.650	420.367	0.00603513	312.274	0.0000157596
37100.0	242.930	414.494	0.00594394	312.454	0.0000157748
37200.0	243.210	408.709	0.00585424	312.634	0.0000157898
37300.0	243.490	403.011	0.00576599	312.814	0.0000158049
37400.0	243.770	397.399	0.00567917	312.993	0.0000158200
37500.0	244.050	391.872	0.00559375	313.173	0.0000158351
37600.0	244.330	386.427	0.00550972	313.353	0.0000158502
37700.0	244.610	381.065	0.00542704	313.532	0.0000158652
37800.0	244.890	375.783	0.00534569	313.712	0.0000158803
37900.0	245.170	370.580	0.00526566	313.891	0.0000158953
38000.0	245.450	365.455	0.00518691	314.070	0.0000159104
38100.0	245.730	360.406	0.00510943	314.249	0.0000159254
38200.0	246.010	355.433	0.00503319	314.428	0.0000159404
38300.0	246.290	350.534	0.00495817	314.607	0.0000159554
38400.0	246.570	345.708	0.00488436	314.786	0.0000159704
38500.0	246.850	340.954	0.00481172	314.965	0.0000159854
38600.0	247.130	336.270	0.00474025	315.143	0.0000160004
38700.0	247.410	331.656	0.00466992	315.322	0.0000160154
38800.0	247.690	327.111	0.00460071	315.500	0.0000160304
38900.0	247.970	322.632	0.00453260	315.678	0.0000160454
39000.0	248.250	318.220	0.00446557	315.856	0.0000160603
39100.0	248.530	313.874	0.00439961	316.034	0.0000160753
39200.0	248.810	309.591	0.00433470	316.212	0.0000160902
39300.0	249.090	305.372	0.00427081	316.390	0.0000161052
39400.0	249.370	301.214	0.00420794	316.568	0.0000161201
39500.0	249.650	297.118	0.00414606	316.746	0.0000161350
39600.0	249.930	293.082	0.00408516	316.923	0.0000161500
39700.0	250.210	289.105	0.00402522	317.101	0.0000161649
39800.0	250.490	285.187	0.00396623	317.278	0.0000161798
39900.0	250.770	281.326	0.00390816	317.455	0.0000161947
40000.0	251.050	277.522	0.00385101	317.633	0.0000162096
40100.0	251.330	273.773	0.00379476	317.810	0.0000162245
40200.0	251.610	270.079	0.00373939	317.987	0.0000162393
40300.0	251.890	266.438	0.00368488	318.164	0.0000162542
40400.0	252.170	262.851	0.00363123	318.340	0.0000162691
40500.0	252.450	259.316	0.00357842	318.517	0.0000162839
40600.0	252.730	255.832	0.00352644	318.694	0.0000162988
40700.0	253.010	252.399	0.00347527	318.870	0.0000163136
40800.0	253.290	249.016	0.00342489	319.047	0.0000163284
40900.0	253.570	245.682	0.00337530	319.223	0.0000163433
41000.0	253.850	242.395	0.00332648	319.399	0.0000163581
41100.0	254.130	239.157	0.00327842	319.575	0.0000163729
41200.0	254.410	235.965	0.00323111	319.751	0.0000163877
41300.0	254.690	232.819	0.00318453	319.927	0.0000164025
41400.0	254.970	229.719	0.00313867	320.103	0.0000164173
41500.0	255.250	226.663	0.00309352	320.279	0.0000164320
41600.0	255.530	223.651	0.00304907	320.454	0.0000164468
41700.0	255.810	220.683	0.00300531	320.630	0.0000164616
41800.0	256.090	217.757	0.00296222	320.805	0.0000164763
41900.0	256.370	214.873	0.00291979	320.981	0.0000164911
42000.0	256.650	212.030	0.00287802	321.156	0.0000165058
42100.0	256.930	209.228	0.00283689	321.331	0.0000165206
42200.0	257.210	206.466	0.00279639	321.506	0.0000165353
42300.0	257.490	203.743	0.00275651	321.681	0.0000165500
42400.0	257.770	201.059	0.00271725	321.856	0.0000165647
42500.0	258.050	198.413	0.00267858	322.030	0.0000165795
42600.0	258.330	195.805	0.00264051	322.205	0.0000165942
42700.0	258.610	193.234	0.00260302	322.380	0.0000166088
42800.0	258.890	190.700	0.00256609	322.554	0.0000166235
42900.0	259.170	188.201	0.00252974	322.729	0.0000166382
43000.0	259.450	185.738	0.00249393	322.903	0.0000166529
43100.0	259.730	183.309	0.00245867	323.077	0.0000166676
43200.0	260.010	180.915	0.00242395	323.251	0.0000166822
43300.0	260.290	178.555	0.00238975	323.425	0.0000166969
43400.0	260.570	176.228	0.00235607	323.599	0.0000167115
43500.0	260.850	173.934	0.00232291	323.773	0.0000167261
43600.0	261.130	171.672	0.00229024	323.947	0.0000167408
43700.0	261.410	169.442	0.00225807	324.120	0.0000167554
43800.0	261.690	167.243	0.00222638	324.294	0.0000167700
43900.0	261.970	165.075	0.00219517	324.467	0.0000167846
44000.0	262.250	162.937	0.00216443	324.641	0.0000167992
44100.0	262.530	160.830	0.00213415	324.814	0.0000168138
44200.0	262.810	158.751	0.00210433	324.987	0.0000168284
44300.0	263.090	156.702	0.00207496	325.160	0.0000168430
44400.0	263.370	154.682	0.00204602	325.333	0.0000168576
44500.0	263.650	152.689	0.00201752	325.506	0.0000168721
44600.0	263.930	150.724	0.00198945	325.679	0.0000168867
44700.0	264.210	148.787	0.00196180	325.851	0.0000169013
44800.0	264.490	146.877	0.00193456	326.024	0.0000169158
44900.0	264.770	144.993	0.00190772	326.197	0.0000169303
45000.0	265.050	143.135	0.00188129	326.369	0.0000169449
45100.0	265.330	141.303	0.00185525	326.541	0.0000169594
45200.0	265.610	139.496	0.00182960	326.714	0.0000169739
45300.0	265.890	137.714	0.00180432	326.886	0.0000169884
45400.0	266.170	135.957	0.00177943	327.058	0.0000170029
45500.0	266.450	134.224	0.00175490	327.230	0.0000170174
45600.0	266.730	132.515	0.00173074	327.402	0.0000170319
45700.0	267.010	130.829	0.00170693	327.574	0.0000170464
45800.0	267.290	129.167	0.00168348	327.745	0.0000170609
45900.0	267.570	127.527	0.00166037	327.917	0.0000170754
46000.0	267.850	125.910	0.00163760	328.088	0.0000170898
46100.0	268.130	124.315	0.00161517	328.260	0.0000171043
46200.0	268.410	122.742	0.00159307	328.431	0.0000171187
46300.0	268.690	121.191	0.00157129	328.602	0.0000171332
46400.0	268.970	119.660	0.00154983	328.774	0.0000171476
46500.0	269.250	118.151	0.00152869	328.945	0.0000171620
46600.0	269.530	116.662	0.00150786	329.116	0.0000171764
46700.0	269.810	115.193	0.00148733	329.287	0.0000171909
46800.0	270.090	113.745	0.00146710	329.457	0.0000172053
46900.0	270.370	112.316	0.00144717	329.628	0.0000172197
47000.0	270.650	110.906	0.00142753	329.799	0.0000172341
47100.0	270.650	109.515	0.00140963	329.799	0.0000172341
47200.0	270.650	108.141	0.00139195	329.799	0.0000172341
47300.0	270.650	106.785	0.00137449	329.799	0.0000172341
47400.0	270.650	105.446	0.00135725	329.799	0.0000172341
47500.0	270.650	104.123	0.00134022	329.799	0.0000172341
47600.0	270.650	102.817	0.00132341	329.799	0.0000172341
47700.0	270.650	101.527	0.00130681	329.799	0.0000172341
47800.0	270.650	100.254	0.00129042	329.799	0.0000172341
47900.0	270.650	98.9962	0.00127423	329.799	0.0000172341
48000.0	270.650	97.7545	0.00125825	329.799	0.0000172341
48100.0	270.650	96.5283	0.00124247	329.799	0.0000172341
48200.0	270.650	95.3176	0.00122688	329.799	0.0000172341
48300.0	270.650	94.1220	0.00121149	329.799	0.0000172341
48400.0	270.650	92.9414	0.00119630	329.799	0.0000172341
48500.0	270.650	91.7756	0.00118129	329.799	0.0000172341
48600.0	270.650	90.6244	0.00116647	329.799	0.0000172341
48700.0	270.650	89.4877	0.00115184	329.799	0.0000172341
48800.0	270.650	88.3652	0.00113739	329.799	0.0000172341
48900.0	270.650	87.2568	0.00112313	329.799	0.0000172341
49000.0	270.650	86.1623	0.00110904	329.799	0.0000172341
49100.0	270.650	85.0815	0.00109513	329.799	0.0000172341
49200.0	270.650	84.0143	0.00108139	329.799	0.0000172341
49300.0	270.650	82.9605	0.00106783	329.799	0.0000172341
49400.0	270.650	81.9199	0.00105443	329.799	0.0000172341
49500.0	270.650	80.8924	0.00104121	329.799	0.0000172341
49600.0	270.650	79.8777	0.00102815	329.799	0.0000172341
49700.0	270.650	78.8758	0.00101525	329.799	0.0000172341
49800.0	270.650	77.8864	0.00100252	329.799	0.0000172341
49900.0	270.650	76.9095	0.000989942	329.799	0.0000172341
50000.0	270.650	75.9448	0.000977525	329.799	0.0000172341
50100.0	270.650	74.9922	0.000965264	329.799	0.0000172341
50200.0	270.650	74.0515	0.000953156	329.799	0.0000172341
50300.0	270.650	73.1227	0.000941200	329.799	0.0000172341
50400.0	270.650	72.2055	0.000929395	329.799	0.0000172341
50500.0	270.650	71.2998	0.000917737	329.799	0.0000172341
50600.0	270.650	70.4054	0.000906225	329.799	0.0000172341
50700.0	270.650	69.5223	0.000894858	329.799	0.0000172341
50800.0	270.650	68.6503	0.000883634	329.799	0.0000172341
50900.0	270.650	67.7892	0.000872550	329.799	0.0000172341
51000.0	270.650	66.9389	0.000861606	329.799	0.0000172341
51100.0	270.370	66.0988	0.000851674	329.628	0.0000172197
51200.0	270.090	65.2684	0.000841846	329.457	0.0000172053
51300.0	269.810	64.4476	0.000832122	329.287	0.0000171909
51400.0	269.530	63.6363	0.000822500	329.116	0.0000171764
51500.0	269.250	62.8344	0.000812980	328.945	0.0000171620
51600.0	268.970	62.0418	0.000803560	328.774	0.0000171476
51700.0	268.690	61.2583	0.000794240	328.602	0.0000171332
51800.0	268.410	60.4840	0.000785018	328.431	0.0000171187
51900.0	268.130	59.7186	0.000775894	328.260	0.0000171043
52000.0	267.850	58.9622	0.000766867	328.088	0.0000170898
52100.0	267.570	58.2145	0.000757935	327.917	0.0000170754
52200.0	267.290	57.4756	0.000749098	327.745	0.0000170609
52300.0	267.010	56.7453	0.000740355	327.574	0.0000170464
52400.0	266.730	56.0235	0.000731705	327.402	0.0000170319
52500.0	266.450	55.3101	0.000723147	327.230	0.0000170174
52600.0	266.170	54.6051	0.000714681	327.058	0.0000170029
52700.0	265.890	53.9084	0.000706305	326.886	0.0000169884
52800.0	265.610	53.2198	0.000698018	326.714	0.0000169739
52900.0	265.330	52.5393	0.000689820	326.541	0.0000169594
53000.0	265.050	51.8668	0.000681710	326.369	0.0000169449
53100.0	264.770	51.2022	0.000673687	326.197	0.0000169303
53200.0	264.490	50.5454	0.000665749	326.024	0.0000169158
53300.0	264.210	49.8964	0.000657897	325.851	0.0000169013
53400.0	263.930	49.2551	0.000650130	325.679	0.0000168867
53500.0	263.650	48.6213	0.000642446	325.506	0.0000168721
53600.0	263.370	47.9950	0.000634845	325.333	0.0000168576
53700.0	263.090	47.3761	0.000627326	325.160	0.0000168430
53800.0	262.810	46.7646	0.000619888	324.987	0.0000168284
53900.0	262.530	46.1603	0.000612530	324.814	0.0000168138
54000.0	262.250	45.5632	0.000605252	324.641	0.0000167992
54100.0	261.970	44.9731	0.000598053	324.467	0.0000167846
54200.0	261.690	44.3902	0.000590932	324.294	0.0000167700
54300.0	261.410	43.8141	0.000583888	324.120	0.0000167554
54400.0	261.130	43.2449	0.000576921	323.947	0.0000167408
54500.0	260.850	42.6826	0.000570030	323.773	0.0000167261
54600.0	260.570	42.1269	0.000563214	323.599	0.0000167115
54700.0	260.290	41.5779	0.000556472	323.425	0.0000166969
54800.0	260.010	41.0354	0.000549803	323.251	0.0000166822
54900.0	259.730	40.4995	0.000543208	323.077	0.0000166676
55000.0	259.450	39.9700	0.000536684	322.903	0.0000166529
55100.0	259.170	39.4469	0.000530232	322.729	0.0000166382
55200.0	258.890	38.9300	0.000523851	322.554	0.0000166235
55300.0	258.610	38.4194	0.000517539	322.380	0.0000166088
55400.0	258.330	37.9149	0.000511298	322.205	0.0000165942
55500.0	258.050	37.4166	0.000505124	322.030	0.0000165795
55600.0	257.770	36.9242	0.000499019	321.856	0.0000165647
55700.0	257.490	36.4378	0.000492981	321.681	0.0000165500
55800.0	257.210	35.9573	0.000487009	321.506	0.0000165353
55900.0	256.930	35.4826	0.000481104	321.331	0.0000165206
56000.0	256.650	35.0137	0.000475263	321.156	0.0000165058
56100.0	256.370	34.5504	0.000469488	320.981	0.0000164911
56200.0	256.090	34.0928	0.000463776	320.805	0.0000164763
56300.0	255.810	33.6408	0.000458128	320.630	0.0000164616
56400.0	255.530	33.1943	0.000452542	320.454	0.0000164468
56500.0	255.250	32.7532	0.000447019	320.279	0.0000164320
56600.0	254.970	32.3175	0.000441557	320.103	0.0000164173
56700.0	254.690	31.8871	0.000436156	319.927	0.0000164025
56800.0	254.410	31.4620	0.000430815	319.751	0.0000163877
56900.0	254.130	31.0421	0.000425534	319.575	0.0000163729
57000.0	253.850	30.6274	0.000420311	319.399	0.0000163581
57100.0	253.570	30.2178	0.000415147	319.223	0.0000163433
57200.0	253.290	29.8131	0.000410041	319.047	0.0000163284
57300.0	253.010	29.4135	0.000404993	318.870	0.0000163136
57400.0	252.730	29.0188	0.000400001	318.694	0.0000162988
57500.0	252.450	28.6290	0.000395065	318.517	0.0000162839
57600.0	252.170	28.2439	0.000390184	318.340	0.0000162691
57700.0	251.890	27.8637	0.000385359	318.164	0.0000162542
57800.0	251.610	27.4881	0.000380588	317.987	0.0000162393
57900.0	251.330	27.1172	0.000375871	317.810	0.0000162245
58000.0	251.050	26.7509	0.000371207	317.633	0.0000162096
58100.0	250.770	26.3891	0.000366596	317.455	0.0000161947
58200.0	250.490	26.0318	0.000362037	317.278	0.0000161798
58300.0	250.210	25.6790	0.000357529	317.101	0.0000161649
58400.0	249.930	25.3306	0.000353073	316.923	0.0000161500
58500.0	249.650	24.9865	0.000348668	316.746	0.0000161350
58600.0	249.370	24.6467	0.000344313	316.568	0.0000161201
58700.0	249.090	24.3112	0.000340007	316.390	0.0000161052
58800.0	248.810	23.9798	0.000335750	316.212	0.0000160902
58900.0	248.530	23.6526	0.000331542	316.034	0.0000160753
59000.0	248.250	23.3296	0.000327382	315.856	0.0000160603
59100.0	247.970	23.0105	0.000323270	315.678	0.0000160454
59200.0	247.690	22.6955	0.000319205	315.500	0.0000160304
59300.0	247.410	22.3844	0.000315186	315.322	0.0000160154
59400.0	247.130	22.0773	0.000311214	315.143	0.0000160004
59500.0	246.850	21.7740	0.000307287	314.965	0.0000159854
59600.0	246.570	21.4746	0.000303405	314.786	0.0000159704
59700.0	246.290	21.1789	0.000299568	314.607	0.0000159554
59800.0	246.010	20.8870	0.000295775	314.428	0.0000159404
59900.0	245.730	20.5988	0.000292027	314.249	0.0000159254
60000.0	245.450	20.3143	0.000288321	314.070	0.0000159104
60100.0	245.170	20.0333	0.000284658	313.891	0.0000158953
60200.0	244.890	19.7559	0.000281038	313.712	0.0000158803
60300.0	244.610	19.4821	0.000277459	313.532	0.0000158652
60400.0	244.330	19.2117	0.000273923	313.353	0.0000158502
60500.0	244.050	18.9448	0.000270427	313.173	0.0000158351
60600.0	243.770	18.6813	0.000266972	312.993	0.0000158200
60700.0	243.490	18.4212	0.000263557	312.814	0.0000158049
60800.0	243.210	18.1644	0.000260182	312.634	0.0000157898
60900.0	242.930	17.9109	0.000256847	312.454	0.0000157748
61000.0	242.650	17.6606	0.000253550	312.274	0.0000157596
61100.0	242.370	17.4136	0.000250292	312.093	0.0000157445
61200.0	242.090	17.1697	0.000247072	311.913	0.0000157294
61300.0	241.810	16.9290	0.000243890	311.733	0.0000157143
61400.0	241.530	16.6913	0.000240746	311.552	0.0000156991
61500.0	241.250	16.4568	0.000237638	311.371	0.0000156840
61600.0	240.970	16.2252	0.000234567	311.191	0.0000156688
61700.0	240.690	15.9967	0.000231532	311.010	0.0000156537
61800.0	240.410	15.7711	0.000228533	310.829	0.0000156385
61900.0	240.130	15.5485	0.000225569	310.648	0.0000156233
62000.0	239.850	15.3287	0.000222640	310.467	0.0000156082
62100.0	239.570	15.1118	0.000219746	310.285	0.0000155930
62200.0	239.290	14.8977	0.000216886	310.104	0.0000155778
62300.0	239.010	14.6864	0.000214061	309.922	0.0000155626
62400.0	238.730	14.4778	0.000211268	309.741	0.0000155474
62500.0	238.450	14.2720	0.000208509	309.559	0.0000155321
62600.0	238.170	14.0689	0.000205783	309.377	0.0000155169
62700.0	237.890	13.8684	0.000203090	309.195	0.0000155017
62800.0	237.610	13.6705	0.000200428	309.013	0.0000154864
62900.0	237.330	13.4753	0.000197798	308.831	0.0000154712
63000.0	237.050	13.2826	0.000195200	308.649	0.0000154559
63100.0	236.770	13.0924	0.000192633	308.467	0.0000154406
63200.0	236.490	12.9047	0.000190097	308.284	0.0000154254
63300.0	236.210	12.7196	0.000187591	308.102	0.0000154101
63400.0	235.930	12.5368	0.000185115	307.919	0.0000153948
63500.0	235.650	12.3565	0.000182669	307.736	0.0000153795
63600.0	235.370	12.1785	0.000180253	307.553	0.0000153642
63700.0	235.090	12.0029	0.000177865	307.370	0.0000153489
63800.0	234.810	11.8297	0.000175507	307.187	0.0000153335
63900.0	234.530	11.6587	0.000173177	307.004	0.0000153182
64000.0	234.250	11.4900	0.000170875	306.821	0.0000153029
64100.0	233.970	11.3235	0.000168601	306.637	0.0000152875
64200.0	233.690	11.1593	0.000166355	306.454	0.0000152722
64300.0	233.410	10.9973	0.000164136	306.270	0.0000152568
64400.0	233.130	10.8374	0.000161944	306.086	0.0000152414
64500.0	232.850	10.6796	0.000159778	305.903	0.0000152261
64600.0	232.570	10.5240	0.000157639	305.719	0.0000152107
64700.0	232.290	10.3704	0.000155527	305.535	0.0000151953
64800.0	232.010	10.2189	0.000153440	305.350	0.0000151799
64900.0	231.730	10.0695	0.000151378	305.166	0.0000151645
65000.0	231.450	9.92203	0.000149342	304.982	0.0000151491
65100.0	231.170	9.77656	0.000147331	304.797	0.0000151336
65200.0	230.890	9.63306	0.000145344	304.612	0.0000151182
65300.0	230.610	9.49149	0.000143382	304.428	0.0000151028
65400.0	230.330	9.35183	0.000141444	304.243	0.0000150873
65500.0	230.050	9.21406	0.000139530	304.058	0.0000150719
65600.0	229.770	9.07816	0.000137639	303.873	0.0000150564
65700.0	229.490	8.94410	0.000135772	303.688	0.0000150409
65800.0	229.210	8.81186	0.000133928	303.502	0.0000150254
65900.0	228.930	8.68141	0.000132107	303.317	0.0000150100
66000.0	228.650	8.55275	0.000130308	303.131	0.0000149945
66100.0	228.370	8.42583	0.000128532	302.946	0.0000149790
66200.0	228.090	8.30064	0.000126778	302.760	0.0000149634
66300.0	227.810	8.17717	0.000125046	302.574	0.0000149479
66400.0	227.530	8.05538	0.000123335	302.388	0.0000149324
66500.0	227.250	7.93526	0.000121645	302.202	0.0000149169
66600.0	226.970	7.81679	0.000119977	302.016	0.0000149013
66700.0	226.690	7.69994	0.000118330	301.829	0.0000148858
66800.0	226.410	7.58470	0.000116703	301.643	0.0000148702
66900.0	226.130	7.47104	0.000115096	301.456	0.0000148546
67000.0	225.850	7.35895	0.000113510	301.269	0.0000148390
67100.0	225.570	7.24841	0.000111944	301.083	0.0000148235
67200.0	225.290	7.13939	0.000110397	300.896	0.0000148079
67300.0	225.010	7.03187	0.000108870	300.709	0.0000147923
67400.0	224.730	6.92585	0.000107362	300.522	0.0000147767
67500.0	224.450	6.82130	0.000105873	300.334	0.0000147610
67600.0	224.170	6.71819	0.000104403	300.147	0.0000147454
67700.0	223.890	6.61652	0.000102952	299.959	0.0000147298
67800.0	223.610	6.51626	0.000101519	299.772	0.0000147141
67900.0	223.330	6.41740	0.000100104	299.584	0.0000146985
68000.0	223.050	6.31992	0.0000987069	299.396	0.0000146828
68100.0	222.770	6.22380	0.0000973279	299.208	0.0000146672
68200.0	222.490	6.12902	0.0000959663	299.020	0.0000146515
68300.0	222.210	6.03557	0.0000946222	298.832	0.0000146358
68400.0	221.930	5.94343	0.0000932952	298.644	0.0000146201
68500.0	221.650	5.85259	0.0000919852	298.455	0.0000146044
68600.0	221.370	5.76302	0.0000906920	298.266	0.0000145887
68700.0	221.090	5.67470	0.0000894154	298.078	0.0000145730
68800.0	220.810	5.58764	0.0000881551	297.889	0.0000145573
68900.0	220.530	5.50180	0.0000869111	297.700	0.0000145415
69000.0	220.250	5.41717	0.0000856830	297.511	0.0000145258
69100.0	219.970	5.33374	0.0000844708	297.322	0.0000145100
69200.0	219.690	5.25149	0.0000832742	297.133	0.0000144943
69300.0	219.410	5.17041	0.0000820930	296.943	0.0000144785
69400.0	219.130	5.09047	0.0000809272	296.754	0.0000144627
69500.0	218.850	5.01168	0.0000797764	296.564	0.0000144469
69600.0	218.570	4.93400	0.0000786406	296.374	0.0000144312
69700.0	218.290	4.85743	0.0000775195	296.184	0.0000144154
69800.0	218.010	4.78196	0.0000764130	295.994	0.0000143995
69900.0	217.730	4.70756	0.0000753209	295.804	0.0000143837
70000.0	217.450	4.63422	0.0000742430	295.614	0.0000143679
70100.0	217.170	4.56194	0.0000731792	295.423	0.0000143521
70200.0	216.890	4.49069	0.0000721293	295.233	0.0000143362
70300.0	216.610	4.42046	0.0000710931	295.042	0.0000143204
70400.0	216.330	4.35125	0.0000700705	294.852	0.0000143045
70500.0	216.050	4.28303	0.0000690613	294.661	0.0000142886
70600.0	215.770	4.21579	0.0000680654	294.470	0.0000142728
70700.0	215.490	4.14952	0.0000670825	294.279	0.0000142569
70800.0	215.210	4.08422	0.0000661126	294.087	0.0000142410
70900.0	214.930	4.01985	0.0000651555	293.896	0.0000142251
71000.0	214.650	3.95642	0.0000642110	293.704	0.0000142092
71100.0	214.450	3.89392	0.0000632556	293.568	0.0000141978
71200.0	214.250	3.83235	0.0000623136	293.431	0.0000141864
71300.0	214.050	3.77170	0.0000613847	293.294	0.0000141751
71400.0	213.850	3.71195	0.0000604688	293.157	0.0000141637
71500.0	213.650	3.65310	0.0000595657	293.019	0.0000141523
71600.0	213.450	3.59512	0.0000586753	292.882	0.0000141409
71700.0	213.250	3.53801	0.0000577974	292.745	0.0000141295
71800.0	213.050	3.48176	0.0000569318	292.608	0.0000141181
71900.0	212.850	3.42634	0.0000560784	292.470	0.0000141067
72000.0	212.650	3.37176	0.0000552370	292.333	0.0000140953
72100.0	212.450	3.31800	0.0000544074	292.195	0.0000140839
72200.0	212.250	3.26505	0.0000535895	292.058	0.0000140725
72300.0	212.050	3.21289	0.0000527832	291.920	0.0000140610
72400.0	211.850	3.16152	0.0000519883	291.783	0.0000140496
72500.0	211.650	3.11092	0.0000512046	291.645	0.0000140382
72600.0	211.450	3.06109	0.0000504320	291.507	0.0000140268
72700.0	211.250	3.01200	0.0000496703	291.369	0.0000140153
72800.0	211.050	2.96366	0.0000489195	291.231	0.0000140039
72900.0	210.850	2.91605	0.0000481793	291.093	0.0000139924
73000.0	210.650	2.86917	0.0000474496	290.955	0.0000139810
73100.0	210.450	2.82299	0.0000467302	290.817	0.0000139695
73200.0	210.250	2.77751	0.0000460212	290.679	0.0000139581
73300.0	210.050	2.73272	0.0000453222	290.540	0.0000139466
73400.0	209.850	2.68861	0.0000446331	290.402	0.0000139351
73500.0	209.650	2.64518	0.0000439540	290.264	0.0000139236
73600.0	209.450	2.60240	0.0000432845	290.125	0.0000139122
73700.0	209.250	2.56028	0.0000426246	289.987	0.0000139007
73800.0	209.050	2.51880	0.0000419741	289.848	0.0000138892
73900.0	208.850	2.47795	0.0000413329	289.709	0.0000138777
74000.0	208.650	2.43773	0.0000407010	289.570	0.0000138662
74100.0	208.450	2.39812	0.0000400781	289.432	0.0000138547
74200.0	208.250	2.35912	0.0000394642	289.293	0.0000138432
74300.0	208.050	2.32071	0.0000388590	289.154	0.0000138317
74400.0	207.850	2.28290	0.0000382626	289.015	0.0000138202
74500.0	207.650	2.24567	0.0000376748	288.876	0.0000138087
74600.0	207.450	2.20900	0.0000370955	288.737	0.0000137971
74700.0	207.250	2.17291	0.0000365245	288.597	0.0000137856
74800.0	207.050	2.13737	0.0000359618	288.458	0.0000137741
74900.0	206.850	2.10237	0.0000354072	288.319	0.0000137625
75000.0	206.650	2.06792	0.0000348607	288.179	0.0000137510
75100.0	206.450	2.03400	0.0000343221	288.040	0.0000137394
75200.0	206.250	2.00060	0.0000337912	287.900	0.0000137279
75300.0	206.050	1.96772	0.0000332681	287.761	0.0000137163
75400.0	205.850	1.93535	0.0000327526	287.621	0.0000137048
75500.0	205.650	1.90348	0.0000322446	287.481	0.0000136932
75600.0	205.450	1.87210	0.0000317440	287.341	0.0000136817
75700.0	205.250	1.84121	0.0000312507	287.201	0.0000136701
75800.0	205.050	1.81081	0.0000307645	287.061	0.0000136585
75900.0	204.850	1.78087	0.0000302855	286.921	0.0000136469
76000.0	204.650	1.75140	0.0000298135	286.781	0.0000136353
76100.0	204.450	1.72240	0.0000293484	286.641	0.0000136237
76200.0	204.250	1.69384	0.0000288901	286.501	0.0000136122
76300.0	204.050	1.66573	0.0000284385	286.361	0.0000136006
76400.0	203.850	1.63806	0.0000279935	286.220	0.0000135889
76500.0	203.650	1.61082	0.0000275551	286.080	0.0000135773
76600.0	203.450	1.58401	0.0000271231	285.939	0.0000135657
76700.0	203.250	1.55762	0.0000266975	285.799	0.0000135541
76800.0	203.050	1.53165	0.0000262781	285.658	0.0000135425
76900.0	202.850	1.50608	0.0000258650	285.517	0.0000135309
77000.0	202.650	1.48092	0.0000254579	285.377	0.0000135192
77100.0	202.450	1.45615	0.0000250568	285.236	0.0000135076
77200.0	202.250	1.43177	0.0000246617	285.095	0.0000134960
77300.0	202.050	1.40778	0.0000242724	284.954	0.0000134843
77400.0	201.850	1.38416	0.0000238889	284.813	0.0000134727
77500.0	201.650	1.36092	0.0000235111	284.672	0.0000134610
77600.0	201.450	1.33805	0.0000231389	284.530	0.0000134493
77700.0	201.250	1.31554	0.0000227722	284.389	0.0000134377
77800.0	201.050	1.29338	0.0000224110	284.248	0.0000134260
77900.0	200.850	1.27158	0.0000220551	284.106	0.0000134143
78000.0	200.650	1.25012	0.0000217046	283.965	0.0000134027
78100.0	200.450	1.22901	0.0000213593	283.823	0.0000133910
78200.0	200.250	1.20823	0.0000210191	283.682	0.0000133793
78300.0	200.050	1.18778	0.0000206841	283.540	0.0000133676
78400.0	199.850	1.16766	0.0000203540	283.398	0.0000133559
78500.0	199.650	1.14786	0.0000200289	283.256	0.0000133442
78600.0	199.450	1.12837	0.0000197087	283.114	0.0000133325
78700.0	199.250	1.10920	0.0000193932	282.972	0.0000133208
78800.0	199.050	1.09034	0.0000190826	282.830	0.0000133091
78900.0	198.850	1.07177	0.0000187765	282.688	0.0000132974
79000.0	198.650	1.05351	0.0000184751	282.546	0.0000132856
79100.0	198.450	1.03554	0.0000181783	282.404	0.0000132739
79200.0	198.250	1.01785	0.0000178859	282.262	0.0000132622
79300.0	198.050	1.00045	0.0000175979	282.119	0.0000132504
79400.0	197.850	0.983336	0.0000173143	281.977	0.0000132387
79500.0	197.650	0.966494	0.0000170349	281.834	0.0000132270
79600.0	197.450	0.949924	0.0000167598	281.691	0.0000132152
79700.0	197.250	0.933621	0.0000164889	281.549	0.0000132035
79800.0	197.050	0.917582	0.0000162221	281.406	0.0000131917
79900.0	196.850	0.901803	0.0000159593	281.263	0.0000131799
80000.0	196.650	0.886280	0.0000157005	281.120	0.0000131682
80100.0	196.450	0.871008	0.0000154457	280.977	0.0000131564
80200.0	196.250	0.855984	0.0000151948	280.834	0.0000131446
80300.0	196.050	0.841205	0.0000149476	280.691	0.0000131328
80400.0	195.850	0.826666	0.0000147043	280.548	0.0000131210
80500.0	195.650	0.812363	0.0000144647	280.405	0.0000131092
80600.0	195.450	0.798294	0.0000142287	280.261	0.0000130974
80700.0	195.250	0.784455	0.0000139964	280.118	0.0000130856
80800.0	195.050	0.770842	0.0000137676	279.974	0.0000130738
80900.0	194.850	0.757451	0.0000135423	279.831	0.0000130620
81000.0	194.650	0.744280	0.0000133205	279.687	0.0000130502
81100.0	194.450	0.731324	0.0000131021	279.543	0.0000130384
81200.0	194.250	0.718581	0.0000128870	279.399	0.0000130266
81300.0	194.050	0.706047	0.0000126753	279.256	0.0000130147
81400.0	193.850	0.693720	0.0000124668	279.112	0.0000130029
81500.0	193.650	0.681595	0.0000122616	278.968	0.0000129911
81600.0	193.450	0.669670	0.0000120595	278.824	0.0000129792
81700.0	193.250	0.657941	0.0000118606	278.679	0.0000129674
81800.0	193.050	0.646406	0.0000116647	278.535	0.0000129555
81900.0	192.850	0.635062	0.0000114719	278.391	0.0000129437
82000.0	192.650	0.623905	0.0000112820	278.246	0.0000129318
82100.0	192.450	0.612933	0.0000110952	278.102	0.0000129199
82200.0	192.250	0.602143	0.0000109112	277.957	0.0000129081
82300.0	192.050	0.591532	0.0000107301	277.813	0.0000128962
82400.0	191.850	0.581097	0.0000105518	277.668	0.0000128843
82500.0	191.650	0.570835	0.0000103762	277.523	0.0000128724
82600.0	191.450	0.560745	0.0000102035	277.378	0.0000128605
82700.0	191.250	0.550822	0.0000100334	277.234	0.0000128486
82800.0	191.050	0.541065	0.00000986599	277.089	0.0000128367
82900.0	190.850	0.531471	0.00000970120	276.943	0.0000128248
83000.0	190.650	0.522037	0.00000953899	276.798	0.0000128129
83100.0	190.450	0.512761	0.00000937933	276.653	0.0000128010
83200.0	190.250	0.503640	0.00000922218	276.508	0.0000127891
83300.0	190.050	0.494672	0.00000906751	276.362	0.0000127771
83400.0	189.850	0.485855	0.00000891526	276.217	0.0000127652
83500.0	189.650	0.477186	0.00000876542	276.071	0.0000127533
83600.0	189.450	0.468662	0.00000861794	275.926	0.0000127413
83700.0	189.250	0.460282	0.00000847279	275.780	0.0000127294
83800.0	189.050	0.452044	0.00000832994	275.634	0.0000127174
83900.0	188.850	0.443944	0.00000818935	275.489	0.0000127055
84000.0	188.650	0.435981	0.00000805098	275.343	0.0000126935
84100.0	188.450	0.428153	0.00000791481	275.197	0.0000126816
84200.0	188.250	0.420457	0.00000778080	275.051	0.0000126696
84300.0	188.050	0.412891	0.00000764892	274.904	0.0000126576
84400.0	187.850	0.405454	0.00000751914	274.758	0.0000126457
84500.0	187.650	0.398143	0.00000739143	274.612	0.0000126337
84600.0	187.450	0.390956	0.00000726576	274.466	0.0000126217
84700.0	187.250	0.383892	0.00000714209	274.319	0.0000126097
84800.0	187.050	0.376948	0.00000702039	274.173	0.0000125977
84900.0	186.946	0.370123	0.00000689712	274.096	0.0000125915
85000.0	186.946	0.363420	0.00000677222	274.096	0.0000125915