 6.00 2.00  0.00526  0.00619  0.02511 -0.01771 -0.00941 -0.32445 -0.02512 -0.02713   48232.7  5.049  5133.59  300.11
 6.00 2.67  0.00846  0.00649  0.02589 -0.01704 -0.01010 -0.28139 -0.03085 -0.02713   73868.5  4.960  5564.60  309.16
 6.00 3.33  0.01115  0.00682  0.02653 -0.01689 -0.01104 -0.23837 -0.03652 -0.02713   95243.4  4.871  6021.02  318.59
 6.00 4.00  0.01378  0.00727  0.02615 -0.02507 -0.01220 -0.23273 -0.04195 -0.02713  124173.1  4.781  6503.30  328.43
 6.00 4.67  0.01786  0.00786  0.02634 -0.03278 -0.01369 -0.35871 -0.05100 -0.02713  142004.8  4.692  7011.78  338.69
 6.00 5.33  0.02151  0.00858  0.02729 -0.04060 -0.01538 -0.32224 -0.05843 -0.02713  170908.9  4.603  7546.77  349.39
 6.00 6.00  0.02571  0.00942  0.02849 -0.04655 -0.01730 -0.37017 -0.06613 -0.02713  205697.8  4.515  8108.52  360.53
 8.00 2.00  0.00764  0.00560  0.01847 -0.01392 -0.00890 -0.29463 -0.02458 -0.02712   45076.3  6.420  3788.07  338.87
 8.00 2.67  0.01068  0.00592  0.01927 -0.01634 -0.00959 -0.26677 -0.03001 -0.02712   70952.9  6.272  4182.87  353.19
 8.00 3.33  0.01338  0.00629  0.02011 -0.01909 -0.01055 -0.23898 -0.03548 -0.02712   94637.3  6.125  4604.92  368.34
 8.00 4.00  0.01600  0.00680  0.02105 -0.02735 -0.01176 -0.23187 -0.04070 -0.02712  123328.5  5.979  5054.61  384.33
 8.00 4.67  0.02021  0.00745  0.02178 -0.03546 -0.01329 -0.36895 -0.04959 -0.02712  141055.5  5.834  5532.21  401.18
 8.00 5.33  0.02376  0.00820  0.02235 -0.04123 -0.01493 -0.31363 -0.05633 -0.02712  168081.4  5.691  6037.95  418.92
 8.00 6.00  0.02771  0.00908  0.02269 -0.04757 -0.01682 -0.34838 -0.06325 -0.02712  198209.8  5.549  6571.98  437.56
10.00 2.00  0.00737  0.00544  0.01029 -0.01468 -0.01010 -0.28323 -0.01341 -0.02697   52264.7  7.617  3137.82  386.96
10.00 2.67  0.01030  0.00576  0.01057 -0.01711 -0.01076 -0.25795 -0.01880 -0.02697   81544.5  7.398  3517.04  408.30
10.00 3.33  0.01294  0.00614  0.01092 -0.01983 -0.01153 -0.23274 -0.02373 -0.02697  108986.9  7.181  3924.97  431.07
10.00 4.00  0.01548  0.00666  0.01129 -0.02923 -0.01265 -0.22528 -0.02846 -0.02697  137523.5  6.969  4361.89  455.32
10.00 4.67  0.01963  0.00732  0.01143 -0.03685 -0.01401 -0.36364 -0.03647 -0.02697  156047.0  6.760  4827.99  481.05
10.00 5.33  0.02294  0.00806  0.01139 -0.04057 -0.01541 -0.29248 -0.04192 -0.02697  181875.4  6.556  5323.38  508.30
10.00 6.00  0.02662  0.00892  0.01116 -0.04777 -0.01709 -0.32536 -0.04801 -0.02697  211658.8  6.357  5848.12  537.07
12.00 2.00  0.00697  0.00544  0.00331 -0.01028 -0.01086 -0.25244 -0.01173 -0.02705   69161.5  8.651  2745.73  446.77
12.00 2.67  0.00982  0.00574  0.00348 -0.01598 -0.01135 -0.25028 -0.01692 -0.02705  101386.7  8.351  3114.38  477.20
12.00 3.33  0.01263  0.00614  0.00347 -0.02170 -0.01225 -0.24822 -0.02356 -0.02705  133978.7  8.059  3512.53  509.89
12.00 4.00  0.01516  0.00666  0.00332 -0.03006 -0.01334 -0.22401 -0.02854 -0.02705  167841.5  7.776  3940.36  544.87
12.00 4.67  0.01962  0.00734  0.00311 -0.03875 -0.01482 -0.39018 -0.03917 -0.02705  191126.4  7.501  4397.99  582.17
12.00 5.33  0.02296  0.00812  0.00276 -0.04445 -0.01664 -0.29581 -0.04607 -0.02705  221065.1  7.236  4885.42  621.80
12.00 6.00  0.02666  0.00902  0.00225 -0.05057 -0.01862 -0.32681 -0.05356 -0.02705  254059.8  6.981  5402.65  663.76
