6.0000e+00 0.0000e+00 7.4267e+04 3.2679e+00
6.0000e+00 1.0000e+00 7.6774e+04 3.3644e+00
6.0000e+00 2.0000e+00 7.8838e+04 3.4372e+00
6.0000e+00 3.0000e+00 8.2727e+04 3.5874e+00
6.0000e+00 4.0000e+00 8.2064e+04 3.5546e+00
6.0000e+00 5.0000e+00 8.3946e+04 3.6187e+00
6.0000e+00 6.0000e+00 8.9437e+04 3.8260e+00
7.0000e+00 0.0000e+00 7.0658e+04 3.7629e+00
7.0000e+00 1.0000e+00 7.4780e+04 3.9733e+00
7.0000e+00 2.0000e+00 8.0697e+04 4.2134e+00
7.0000e+00 3.0000e+00 8.6225e+04 4.4871e+00
7.0000e+00 4.0000e+00 9.2612e+04 4.7282e+00
7.0000e+00 5.0000e+00 9.7690e+04 4.9689e+00
7.0000e+00 6.0000e+00 1.0111e+05 5.1750e+00
8.0000e+00 0.0000e+00 5.1017e+04 3.5717e+00
8.0000e+00 1.0000e+00 5.3755e+04 3.7896e+00
8.0000e+00 2.0000e+00 5.7960e+04 4.0583e+00
8.0000e+00 3.0000e+00 6.1676e+04 4.3400e+00
8.0000e+00 4.0000e+00 6.6017e+04 4.6007e+00
8.0000e+00 5.0000e+00 6.9277e+04 4.8397e+00
8.0000e+00 6.0000e+00 7.1141e+04 5.0508e+00
9.0000e+00 0.0000e+00 4.0246e+04 3.5815e+00
9.0000e+00 1.0000e+00 4.2712e+04 3.8103e+00
9.0000e+00 2.0000e+00 4.5426e+04 4.0711e+00
9.0000e+00 3.0000e+00 4.8354e+04 4.3554e+00
9.0000e+00 4.0000e+00 5.1037e+04 4.5958e+00
9.0000e+00 5.0000e+00 5.2433e+04 4.8214e+00
9.0000e+00 6.0000e+00 5.2658e+04 5.0020e+00
1.0000e+01 0.0000e+00 2.8424e+04 3.4761e+00
1.0000e+01 1.0000e+00 3.0565e+04 3.7095e+00
1.0000e+01 2.0000e+00 3.2416e+04 3.9904e+00
1.0000e+01 3.0000e+00 3.3765e+04 4.2731e+00
1.0000e+01 4.0000e+00 3.5541e+04 4.5200e+00
1.0000e+01 5.0000e+00 3.5999e+04 4.7322e+00
1.0000e+01 6.0000e+00 3.5144e+04 4.9062e+00
1.1000e+01 0.0000e+00 1.9258e+04 3.4412e+00
1.1000e+01 1.0000e+00 2.0997e+04 3.6820e+00
1.1000e+01 2.0000e+00 2.1581e+04 3.9496e+00
1.1000e+01 3.0000e+00 2.2491e+04 4.2282e+00
1.1000e+01 4.0000e+00 2.2812e+04 4.4494e+00
1.1000e+01 5.0000e+00 2.1930e+04 4.6439e+00
1.1000e+01 6.0000e+00 1.9745e+04 4.7854e+00
1.2000e+01 0.0000e+00 9.5092e+03 3.2943e+00
1.2000e+01 1.0000e+00 1.0104e+04 3.5715e+00
1.2000e+01 2.0000e+00 1.0382e+04 3.8523e+00
1.2000e+01 3.0000e+00 1.0963e+04 4.1218e+00
1.2000e+01 4.0000e+00 1.0396e+04 4.3419e+00
1.2000e+01 5.0000e+00 9.2485e+03 4.5174e+00
1.2000e+01 6.0000e+00 7.0410e+03 4.6476e+00
1.3000e+01 0.0000e+00 -8.6357e+02 2.9405e+00
1.3000e+01 1.0000e+00 -5.2772e+02 3.2256e+00
1.3000e+01 2.0000e+00 5.9615e+02 3.5439e+00
1.3000e+01 3.0000e+00 5.1760e+02 3.8211e+00
1.3000e+01 4.0000e+00 -3.5250e+02 4.0294e+00
1.3000e+01 5.0000e+00 -2.2235e+03 4.2028e+00
1.3000e+01 6.0000e+00 -5.1102e+03 4.3176e+00
